# Band indices changed due to -O

#   k path    Energy

#  20
   0.00000 -16.25479  # k point:   0.00000   0.00000   0.00000 
   0.02680 -16.25487 
   0.05360 -16.25527 
   0.08040 -16.25554 
   0.10720 -16.25588 
   0.13401 -16.25614 
   0.16081 -16.25633 
   0.18761 -16.25676 
   0.21440 -16.25687 
   0.24120 -16.25703 
   0.26800 -16.25731 
   0.29481 -16.25747 
   0.32161 -16.25765 
   0.34841 -16.25810 
   0.37521 -16.25848 
   0.40201 -16.25851 
   0.42881 -16.25870 
   0.45562 -16.25888  # k point:   0.50000   0.50000   0.50000 
   0.48219 -16.25884 
   0.50876 -16.25870 
   0.53534 -16.25877 
   0.56191 -16.25850 
   0.58849 -16.25813 
   0.61505 -16.25803 
   0.64162 -16.25790  # k point:   0.25000   0.50000   0.25000 
   0.66820 -16.25763 
   0.69477 -16.25744 
   0.72134 -16.25703 
   0.74791 -16.25687 
   0.77449 -16.25699 
   0.80106 -16.25699 
   0.82763 -16.25707  # k point:   0.00000   0.50000   0.00000 
   0.85393 -16.25736 
   0.88024 -16.25790 
   0.90654 -16.25812 
   0.93285 -16.25790 
   0.95915 -16.25797  # k point:   0.25000   0.50000   0.00000 
   0.98546 -16.25842 
   1.01176 -16.25906 
   1.03807 -16.25930 
   1.06437 -16.25918 
   1.09068 -16.25900  # k point:   0.50000   0.50000   0.00000 
   1.11726 -16.25913 
   1.14382 -16.25912 
   1.17040 -16.25931 
   1.19697 -16.25906 
   1.22355 -16.25819 
   1.25012 -16.25750 
   1.27668 -16.25694  # k point:   0.25000   0.25000   0.00000 
   1.30326 -16.25685 
   1.32983 -16.25687 
   1.35641 -16.25709 
   1.38298 -16.25674 
   1.40955 -16.25591 
   1.43612 -16.25516 
   1.46269 -16.25479  # k point:   0.00000   0.00000   0.00000 
   1.48899 -16.25508 
   1.51530 -16.25552 
   1.54161 -16.25575 
   1.56791 -16.25594 
   1.59422 -16.25594  # k point:   0.00000   0.25000   0.00000 
   1.62052 -16.25635 
   1.64683 -16.25670 
   1.67313 -16.25689 
   1.69944 -16.25710 
   1.72574 -16.25707  # k point:   0.00000   0.50000   0.00000 


#  21
   0.00000 -16.25431  # k point:   0.00000   0.00000   0.00000 
   0.02680 -16.25435 
   0.05360 -16.25450 
   0.08040 -16.25450 
   0.10720 -16.25480 
   0.13401 -16.25506 
   0.16081 -16.25542 
   0.18761 -16.25591 
   0.21440 -16.25635 
   0.24120 -16.25691 
   0.26800 -16.25728 
   0.29481 -16.25716 
   0.32161 -16.25735 
   0.34841 -16.25741 
   0.37521 -16.25750 
   0.40201 -16.25842 
   0.42881 -16.25858 
   0.45562 -16.25852  # k point:   0.50000   0.50000   0.50000 
   0.48219 -16.25862 
   0.50876 -16.25864 
   0.53534 -16.25822 
   0.56191 -16.25806 
   0.58849 -16.25773 
   0.61505 -16.25720 
   0.64162 -16.25666  # k point:   0.25000   0.50000   0.25000 
   0.66820 -16.25652 
   0.69477 -16.25641 
   0.72134 -16.25650 
   0.74791 -16.25613 
   0.77449 -16.25529 
   0.80106 -16.25483 
   0.82763 -16.25455  # k point:   0.00000   0.50000   0.00000 
   0.85393 -16.25491 
   0.88024 -16.25564 
   0.90654 -16.25586 
   0.93285 -16.25567 
   0.95915 -16.25570  # k point:   0.25000   0.50000   0.00000 
   0.98546 -16.25629 
   1.01176 -16.25716 
   1.03807 -16.25744 
   1.06437 -16.25720 
   1.09068 -16.25703  # k point:   0.50000   0.50000   0.00000 
   1.11726 -16.25690 
   1.14382 -16.25648 
   1.17040 -16.25602 
   1.19697 -16.25583 
   1.22355 -16.25588 
   1.25012 -16.25582 
   1.27668 -16.25569  # k point:   0.25000   0.25000   0.00000 
   1.30326 -16.25539 
   1.32983 -16.25498 
   1.35641 -16.25449 
   1.38298 -16.25426 
   1.40955 -16.25440 
   1.43612 -16.25429 
   1.46269 -16.25431  # k point:   0.00000   0.00000   0.00000 
   1.48899 -16.25378 
   1.51530 -16.25299 
   1.54161 -16.25299 
   1.56791 -16.25398 
   1.59422 -16.25446  # k point:   0.00000   0.25000   0.00000 
   1.62052 -16.25395 
   1.64683 -16.25311 
   1.67313 -16.25309 
   1.69944 -16.25397 
   1.72574 -16.25455  # k point:   0.00000   0.50000   0.00000 


#  22
   0.00000 -13.20176  # k point:   0.00000   0.00000   0.00000 
   0.02680 -13.20041 
   0.05360 -13.20231 
   0.08040 -13.20251 
   0.10720 -13.20383 
   0.13401 -13.20424 
   0.16081 -13.20516 
   0.18761 -13.20639 
   0.21440 -13.20829 
   0.24120 -13.21110 
   0.26800 -13.21221 
   0.29481 -13.21285 
   0.32161 -13.21342 
   0.34841 -13.21561 
   0.37521 -13.21820 
   0.40201 -13.22010 
   0.42881 -13.21743 
   0.45562 -13.21576  # k point:   0.50000   0.50000   0.50000 
   0.48219 -13.21884 
   0.50876 -13.21979 
   0.53534 -13.21632 
   0.56191 -13.21425 
   0.58849 -13.21227 
   0.61505 -13.21109 
   0.64162 -13.20790  # k point:   0.25000   0.50000   0.25000 
   0.66820 -13.20749 
   0.69477 -13.20539 
   0.72134 -13.20229 
   0.74791 -13.20112 
   0.77449 -13.19977 
   0.80106 -13.20087 
   0.82763 -13.20115  # k point:   0.00000   0.50000   0.00000 
   0.85393 -13.20088 
   0.88024 -13.20166 
   0.90654 -13.20425 
   0.93285 -13.20610 
   0.95915 -13.20960  # k point:   0.25000   0.50000   0.00000 
   0.98546 -13.21221 
   1.01176 -13.21548 
   1.03807 -13.21912 
   1.06437 -13.22166 
   1.09068 -13.22065  # k point:   0.50000   0.50000   0.00000 
   1.11726 -13.22141 
   1.14382 -13.21694 
   1.17040 -13.21587 
   1.19697 -13.21492 
   1.22355 -13.21135 
   1.25012 -13.21015 
   1.27668 -13.21018  # k point:   0.25000   0.25000   0.00000 
   1.30326 -13.20873 
   1.32983 -13.20618 
   1.35641 -13.20500 
   1.38298 -13.20283 
   1.40955 -13.20204 
   1.43612 -13.19977 
   1.46269 -13.20176  # k point:   0.00000   0.00000   0.00000 
   1.48899 -13.20134 
   1.51530 -13.20073 
   1.54161 -13.20200 
   1.56791 -13.20346 
   1.59422 -13.20219  # k point:   0.00000   0.25000   0.00000 
   1.62052 -13.20064 
   1.64683 -13.20094 
   1.67313 -13.19943 
   1.69944 -13.20040 
   1.72574 -13.20115  # k point:   0.00000   0.50000   0.00000 


#  23
   0.00000 -10.17222  # k point:   0.00000   0.00000   0.00000 
   0.02680 -10.16816 
   0.05360 -10.15641 
   0.08040 -10.13741 
   0.10720 -10.11187 
   0.13401 -10.08032 
   0.16081 -10.04336 
   0.18761 -10.00178 
   0.21440  -9.95627 
   0.24120  -9.90774 
   0.26800  -9.85802 
   0.29481  -9.80960 
   0.32161  -9.76554 
   0.34841  -9.72867 
   0.37521  -9.70099 
   0.40201  -9.68311 
   0.42881  -9.67341 
   0.45562  -9.67073  # k point:   0.50000   0.50000   0.50000 
   0.48219  -9.67140 
   0.50876  -9.67486 
   0.53534  -9.68396 
   0.56191  -9.70109 
   0.58849  -9.72625 
   0.61505  -9.75782 
   0.64162  -9.79196  # k point:   0.25000   0.50000   0.25000 
   0.66820  -9.82554 
   0.69477  -9.85682 
   0.72134  -9.88487 
   0.74791  -9.90864 
   0.77449  -9.92708 
   0.80106  -9.93934 
   0.82763  -9.94370  # k point:   0.00000   0.50000   0.00000 
   0.85393  -9.93989 
   0.88024  -9.92968 
   0.90654  -9.91388 
   0.93285  -9.89282 
   0.95915  -9.86758  # k point:   0.25000   0.50000   0.00000 
   0.98546  -9.83923 
   1.01176  -9.81094 
   1.03807  -9.78603 
   1.06437  -9.76804 
   1.09068  -9.76137  # k point:   0.50000   0.50000   0.00000 
   1.11726  -9.77298 
   1.14382  -9.80133 
   1.17040  -9.83844 
   1.19697  -9.88023 
   1.22355  -9.92431 
   1.25012  -9.96863 
   1.27668 -10.01126  # k point:   0.25000   0.25000   0.00000 
   1.30326 -10.05045 
   1.32983 -10.08525 
   1.35641 -10.11500 
   1.38298 -10.13914 
   1.40955 -10.15714 
   1.43612 -10.16831 
   1.46269 -10.17222  # k point:   0.00000   0.00000   0.00000 
   1.48899 -10.16821 
   1.51530 -10.15687 
   1.54161 -10.13909 
   1.56791 -10.11532 
   1.59422 -10.08581  # k point:   0.00000   0.25000   0.00000 
   1.62052 -10.05151 
   1.64683 -10.01522 
   1.67313  -9.98068 
   1.69944  -9.95422 
   1.72574  -9.94370  # k point:   0.00000   0.50000   0.00000 


#  24
   0.00000  -9.41604  # k point:   0.00000   0.00000   0.00000 
   0.02680  -9.41818 
   0.05360  -9.42494 
   0.08040  -9.43641 
   0.10720  -9.45244 
   0.13401  -9.47234 
   0.16081  -9.49493 
   0.18761  -9.51909 
   0.21440  -9.54329 
   0.24120  -9.56630 
   0.26800  -9.58730 
   0.29481  -9.60618 
   0.32161  -9.62338 
   0.34841  -9.63861 
   0.37521  -9.65150 
   0.40201  -9.66144 
   0.42881  -9.66773 
   0.45562  -9.66967  # k point:   0.50000   0.50000   0.50000 
   0.48219  -9.66996 
   0.50876  -9.67045 
   0.53534  -9.67043 
   0.56191  -9.67039 
   0.58849  -9.67013 
   0.61505  -9.66951 
   0.64162  -9.66907  # k point:   0.25000   0.50000   0.25000 
   0.66820  -9.66900 
   0.69477  -9.66917 
   0.72134  -9.66901 
   0.74791  -9.66878 
   0.77449  -9.66847 
   0.80106  -9.66797 
   0.82763  -9.66780  # k point:   0.00000   0.50000   0.00000 
   0.85393  -9.66744 
   0.88024  -9.66627 
   0.90654  -9.66417 
   0.93285  -9.66130 
   0.95915  -9.65825  # k point:   0.25000   0.50000   0.00000 
   0.98546  -9.65545 
   1.01176  -9.65304 
   1.03807  -9.65097 
   1.06437  -9.64940 
   1.09068  -9.64883  # k point:   0.50000   0.50000   0.00000 
   1.11726  -9.64035 
   1.14382  -9.62117 
   1.17040  -9.59864 
   1.19697  -9.57539 
   1.22355  -9.55211 
   1.25012  -9.52910 
   1.27668  -9.50616  # k point:   0.25000   0.25000   0.00000 
   1.30326  -9.48370 
   1.32983  -9.46309 
   1.35641  -9.44569 
   1.38298  -9.43224 
   1.40955  -9.42296 
   1.43612  -9.41765 
   1.46269  -9.41604  # k point:   0.00000   0.00000   0.00000 
   1.48899  -9.41906 
   1.51530  -9.42940 
   1.54161  -9.44833 
   1.56791  -9.47583 
   1.59422  -9.50967  # k point:   0.00000   0.25000   0.00000 
   1.62052  -9.54643 
   1.64683  -9.58521 
   1.67313  -9.62340 
   1.69944  -9.65476 
   1.72574  -9.66780  # k point:   0.00000   0.50000   0.00000 


#  25
   0.00000  -9.23898  # k point:   0.00000   0.00000   0.00000 
   0.02680  -9.24045 
   0.05360  -9.24524 
   0.08040  -9.25365 
   0.10720  -9.26598 
   0.13401  -9.28181 
   0.16081  -9.30040 
   0.18761  -9.32059 
   0.21440  -9.34086 
   0.24120  -9.35969 
   0.26800  -9.37605 
   0.29481  -9.38935 
   0.32161  -9.39911 
   0.34841  -9.40486 
   0.37521  -9.40674 
   0.40201  -9.40606 
   0.42881  -9.40451 
   0.45562  -9.40381  # k point:   0.50000   0.50000   0.50000 
   0.48219  -9.40453 
   0.50876  -9.40645 
   0.53534  -9.40822 
   0.56191  -9.40747 
   0.58849  -9.40205 
   0.61505  -9.39104 
   0.64162  -9.37443  # k point:   0.25000   0.50000   0.25000 
   0.66820  -9.35329 
   0.69477  -9.33028 
   0.72134  -9.30852 
   0.74791  -9.29042 
   0.77449  -9.27746 
   0.80106  -9.27016 
   0.82763  -9.26793  # k point:   0.00000   0.50000   0.00000 
   0.85393  -9.26923 
   0.88024  -9.27495 
   0.90654  -9.28670 
   0.93285  -9.30416 
   0.95915  -9.32493  # k point:   0.25000   0.50000   0.00000 
   0.98546  -9.34588 
   1.01176  -9.36726 
   1.03807  -9.38863 
   1.06437  -9.40640 
   1.09068  -9.41388  # k point:   0.50000   0.50000   0.00000 
   1.11726  -9.40996 
   1.14382  -9.39945 
   1.17040  -9.38530 
   1.19697  -9.36965 
   1.22355  -9.35363 
   1.25012  -9.33739 
   1.27668  -9.32053  # k point:   0.25000   0.25000   0.00000 
   1.30326  -9.30279 
   1.32983  -9.28502 
   1.35641  -9.26870 
   1.38298  -9.25532 
   1.40955  -9.24588 
   1.43612  -9.24056 
   1.46269  -9.23898  # k point:   0.00000   0.00000   0.00000 
   1.48899  -9.24017 
   1.51530  -9.24354 
   1.54161  -9.24833 
   1.56791  -9.25333 
   1.59422  -9.25782  # k point:   0.00000   0.25000   0.00000 
   1.62052  -9.26166 
   1.64683  -9.26470 
   1.67313  -9.26666 
   1.69944  -9.26767 
   1.72574  -9.26793  # k point:   0.00000   0.50000   0.00000 


#  26
   0.00000  -8.59100  # k point:   0.00000   0.00000   0.00000 
   0.02680  -8.58379 
   0.05360  -8.60324 
   0.08040  -8.60029 
   0.10720  -8.60381 
   0.13401  -8.59575 
   0.16081  -8.57241 
   0.18761  -8.56765 
   0.21440  -8.56625 
   0.24120  -8.56686 
   0.26800  -8.56614 
   0.29481  -8.56346 
   0.32161  -8.56401 
   0.34841  -8.56757 
   0.37521  -8.58310 
   0.40201  -8.59573 
   0.42881  -8.57486 
   0.45562  -8.55859  # k point:   0.50000   0.50000   0.50000 
   0.48219  -8.57954 
   0.50876  -8.58798 
   0.53534  -8.57014 
   0.56191  -8.56606 
   0.58849  -8.55979 
   0.61505  -8.55909 
   0.64162  -8.55135  # k point:   0.25000   0.50000   0.25000 
   0.66820  -8.56819 
   0.69477  -8.57191 
   0.72134  -8.57200 
   0.74791  -8.57389 
   0.77449  -8.57623 
   0.80106  -8.60067 
   0.82763  -8.60354  # k point:   0.00000   0.50000   0.00000 
   0.85393  -8.59753 
   0.88024  -8.59151 
   0.90654  -8.58651 
   0.93285  -8.58797 
   0.95915  -8.58773  # k point:   0.25000   0.50000   0.00000 
   0.98546  -8.58282 
   1.01176  -8.58645 
   1.03807  -8.59026 
   1.06437  -8.58173 
   1.09068  -8.57308  # k point:   0.50000   0.50000   0.00000 
   1.11726  -8.58211 
   1.14382  -8.57649 
   1.17040  -8.58083 
   1.19697  -8.59356 
   1.22355  -8.59604 
   1.25012  -8.59950 
   1.27668  -8.60423  # k point:   0.25000   0.25000   0.00000 
   1.30326  -8.60894 
   1.32983  -8.60466 
   1.35641  -8.60607 
   1.38298  -8.59446 
   1.40955  -8.59922 
   1.43612  -8.58579 
   1.46269  -8.59100  # k point:   0.00000   0.00000   0.00000 
   1.48899  -8.58854 
   1.51530  -8.59613 
   1.54161  -8.60497 
   1.56791  -8.60812 
   1.59422  -8.59673  # k point:   0.00000   0.25000   0.00000 
   1.62052  -8.59800 
   1.64683  -8.60487 
   1.67313  -8.59534 
   1.69944  -8.59814 
   1.72574  -8.60354  # k point:   0.00000   0.50000   0.00000 


#  27
   0.00000  -8.57906  # k point:   0.00000   0.00000   0.00000 
   0.02680  -8.57301 
   0.05360  -8.58193 
   0.08040  -8.57534 
   0.10720  -8.57619 
   0.13401  -8.57480 
   0.16081  -8.57010 
   0.18761  -8.56639 
   0.21440  -8.55911 
   0.24120  -8.56079 
   0.26800  -8.55915 
   0.29481  -8.54743 
   0.32161  -8.54810 
   0.34841  -8.55890 
   0.37521  -8.56695 
   0.40201  -8.58064 
   0.42881  -8.55003 
   0.45562  -8.54351  # k point:   0.50000   0.50000   0.50000 
   0.48219  -8.55472 
   0.50876  -8.56012 
   0.53534  -8.55194 
   0.56191  -8.56291 
   0.58849  -8.55824 
   0.61505  -8.55710 
   0.64162  -8.54165  # k point:   0.25000   0.50000   0.25000 
   0.66820  -8.53777 
   0.69477  -8.53572 
   0.72134  -8.52987 
   0.74791  -8.52393 
   0.77449  -8.52091 
   0.80106  -8.53763 
   0.82763  -8.54479  # k point:   0.00000   0.50000   0.00000 
   0.85393  -8.53369 
   0.88024  -8.53340 
   0.90654  -8.54486 
   0.93285  -8.54332 
   0.95915  -8.55632  # k point:   0.25000   0.50000   0.00000 
   0.98546  -8.56261 
   1.01176  -8.56684 
   1.03807  -8.57895 
   1.06437  -8.57212 
   1.09068  -8.56231  # k point:   0.50000   0.50000   0.00000 
   1.11726  -8.57025 
   1.14382  -8.54915 
   1.17040  -8.55119 
   1.19697  -8.55275 
   1.22355  -8.54777 
   1.25012  -8.55460 
   1.27668  -8.55897  # k point:   0.25000   0.25000   0.00000 
   1.30326  -8.57047 
   1.32983  -8.57529 
   1.35641  -8.58258 
   1.38298  -8.58317 
   1.40955  -8.58309 
   1.43612  -8.57183 
   1.46269  -8.57906  # k point:   0.00000   0.00000   0.00000 
   1.48899  -8.57328 
   1.51530  -8.58702 
   1.54161  -8.59399 
   1.56791  -8.60175 
   1.59422  -8.58766  # k point:   0.00000   0.25000   0.00000 
   1.62052  -8.54432 
   1.64683  -8.52980 
   1.67313  -8.51071 
   1.69944  -8.53414 
   1.72574  -8.54479  # k point:   0.00000   0.50000   0.00000 


#  28
   0.00000  -5.85996  # k point:   0.00000   0.00000   0.00000 
   0.02680  -5.80880 
   0.05360  -5.81408 
   0.08040  -5.75165 
   0.10720  -5.65297 
   0.13401  -5.58819 
   0.16081  -5.80037 
   0.18761  -5.84674 
   0.21440  -5.85782 
   0.24120  -5.85538 
   0.26800  -5.93538 
   0.29481  -6.08158 
   0.32161  -6.21327 
   0.34841  -6.32627 
   0.37521  -6.41718 
   0.40201  -6.48352 
   0.42881  -6.52364 
   0.45562  -6.53716  # k point:   0.50000   0.50000   0.50000 
   0.48219  -6.52381 
   0.50876  -6.48423 
   0.53534  -6.41904 
   0.56191  -6.33008 
   0.58849  -6.22102 
   0.61505  -6.09728 
   0.64162  -5.96512  # k point:   0.25000   0.50000   0.25000 
   0.66820  -5.88049 
   0.69477  -5.88932 
   0.72134  -5.88957 
   0.74791  -5.89401 
   0.77449  -5.90015 
   0.80106  -5.90526 
   0.82763  -5.90799  # k point:   0.00000   0.50000   0.00000 
   0.85393  -5.90256 
   0.88024  -5.89715 
   0.90654  -5.89122 
   0.93285  -5.85962 
   0.95915  -5.85501  # k point:   0.25000   0.50000   0.00000 
   0.98546  -5.84202 
   1.01176  -5.81449 
   1.03807  -5.85917 
   1.06437  -5.89350 
   1.09068  -5.90476  # k point:   0.50000   0.50000   0.00000 
   1.11726  -5.89311 
   1.14382  -5.85782 
   1.17040  -5.81197 
   1.19697  -5.82975 
   1.22355  -5.82585 
   1.25012  -5.83398 
   1.27668  -5.83067  # k point:   0.25000   0.25000   0.00000 
   1.30326  -5.77354 
   1.32983  -5.50640 
   1.35641  -5.69190 
   1.38298  -5.77832 
   1.40955  -5.81333 
   1.43612  -5.79793 
   1.46269  -5.85996  # k point:   0.00000   0.00000   0.00000 
   1.48899  -5.85265 
   1.51530  -5.77792 
   1.54161  -5.76756 
   1.56791  -5.70005 
   1.59422  -5.50025  # k point:   0.00000   0.25000   0.00000 
   1.62052  -5.66030 
   1.64683  -5.79274 
   1.67313  -5.86179 
   1.69944  -5.89674 
   1.72574  -5.90799  # k point:   0.00000   0.50000   0.00000 


#  29
   0.00000  -4.71311  # k point:   0.00000   0.00000   0.00000 
   0.02680  -4.70911 
   0.05360  -4.78602 
   0.08040  -4.94131 
   0.10720  -5.17804 
   0.13401  -5.39969 
   0.16081  -5.34885 
   0.18761  -5.47137 
   0.21440  -5.62229 
   0.24120  -5.78008 
   0.26800  -5.85108 
   0.29481  -5.82081 
   0.32161  -5.80974 
   0.34841  -5.80734 
   0.37521  -5.81069 
   0.40201  -5.81491 
   0.42881  -5.76075 
   0.45562  -5.73092  # k point:   0.50000   0.50000   0.50000 
   0.48219  -5.78003 
   0.50876  -5.81870 
   0.53534  -5.80432 
   0.56191  -5.80596 
   0.58849  -5.82923 
   0.61505  -5.84409 
   0.64162  -5.84148  # k point:   0.25000   0.50000   0.25000 
   0.66820  -5.83055 
   0.69477  -5.69903 
   0.72134  -5.57557 
   0.74791  -5.46637 
   0.77449  -5.37904 
   0.80106  -5.32204 
   0.82763  -5.30217  # k point:   0.00000   0.50000   0.00000 
   0.85393  -5.32136 
   0.88024  -5.37472 
   0.90654  -5.45158 
   0.93285  -5.54095 
   0.95915  -5.63456  # k point:   0.25000   0.50000   0.00000 
   0.98546  -5.72424 
   1.01176  -5.80157 
   1.03807  -5.81566 
   1.06437  -5.81539 
   1.09068  -5.79453  # k point:   0.50000   0.50000   0.00000 
   1.11726  -5.81417 
   1.14382  -5.78347 
   1.17040  -5.79881 
   1.19697  -5.71731 
   1.22355  -5.61666 
   1.25012  -5.50355 
   1.27668  -5.39121  # k point:   0.25000   0.25000   0.00000 
   1.30326  -5.32306 
   1.32983  -5.44145 
   1.35641  -5.12569 
   1.38298  -4.91637 
   1.40955  -4.78250 
   1.43612  -4.71154 
   1.46269  -4.71311  # k point:   0.00000   0.00000   0.00000 
   1.48899  -4.70728 
   1.51530  -4.79241 
   1.54161  -4.90651 
   1.56791  -5.07861 
   1.59422  -5.37283  # k point:   0.00000   0.25000   0.00000 
   1.62052  -5.31596 
   1.64683  -5.29218 
   1.67313  -5.28556 
   1.69944  -5.29773 
   1.72574  -5.30217  # k point:   0.00000   0.50000   0.00000 


#  30
   0.00000  -4.70946  # k point:   0.00000   0.00000   0.00000 
   0.02680  -4.70283 
   0.05360  -4.71272 
   0.08040  -4.71555 
   0.10720  -4.72635 
   0.13401  -4.73262 
   0.16081  -4.73631 
   0.18761  -4.73971 
   0.21440  -4.73760 
   0.24120  -4.73782 
   0.26800  -4.73191 
   0.29481  -4.71658 
   0.32161  -4.70607 
   0.34841  -4.70139 
   0.37521  -4.69606 
   0.40201  -4.69629 
   0.42881  -4.68049 
   0.45562  -4.66902  # k point:   0.50000   0.50000   0.50000 
   0.48219  -4.68192 
   0.50876  -4.69578 
   0.53534  -4.69408 
   0.56191  -4.70236 
   0.58849  -4.71263 
   0.61505  -4.71872 
   0.64162  -4.71603  # k point:   0.25000   0.50000   0.25000 
   0.66820  -4.72718 
   0.69477  -4.72816 
   0.72134  -4.71518 
   0.74791  -4.71233 
   0.77449  -4.71528 
   0.80106  -4.72683 
   0.82763  -4.73136  # k point:   0.00000   0.50000   0.00000 
   0.85393  -4.72454 
   0.88024  -4.71901 
   0.90654  -4.71511 
   0.93285  -4.71992 
   0.95915  -4.73340  # k point:   0.25000   0.50000   0.00000 
   0.98546  -4.73908 
   1.01176  -4.74764 
   1.03807  -4.75638 
   1.06437  -4.75610 
   1.09068  -4.75012  # k point:   0.50000   0.50000   0.00000 
   1.11726  -4.75431 
   1.14382  -4.74795 
   1.17040  -4.74865 
   1.19697  -4.75851 
   1.22355  -4.75472 
   1.25012  -4.74915 
   1.27668  -4.74634  # k point:   0.25000   0.25000   0.00000 
   1.30326  -4.74486 
   1.32983  -4.74204 
   1.35641  -4.73662 
   1.38298  -4.72281 
   1.40955  -4.71502 
   1.43612  -4.70400 
   1.46269  -4.70946  # k point:   0.00000   0.00000   0.00000 
   1.48899  -4.70332 
   1.51530  -4.71039 
   1.54161  -4.71991 
   1.56791  -4.72531 
   1.59422  -4.72372  # k point:   0.00000   0.25000   0.00000 
   1.62052  -4.70738 
   1.64683  -4.71044 
   1.67313  -4.70621 
   1.69944  -4.72249 
   1.72574  -4.73136  # k point:   0.00000   0.50000   0.00000 


#  31
   0.00000  -4.66995  # k point:   0.00000   0.00000   0.00000 
   0.02680  -4.69619 
   0.05360  -4.71085 
   0.08040  -4.71297 
   0.10720  -4.72114 
   0.13401  -4.72264 
   0.16081  -4.71674 
   0.18761  -4.71773 
   0.21440  -4.72184 
   0.24120  -4.72091 
   0.26800  -4.71676 
   0.29481  -4.70189 
   0.32161  -4.69521 
   0.34841  -4.69242 
   0.37521  -4.68545 
   0.40201  -4.68291 
   0.42881  -4.65601 
   0.45562  -4.64882  # k point:   0.50000   0.50000   0.50000 
   0.48219  -4.65992 
   0.50876  -4.67138 
   0.53534  -4.67036 
   0.56191  -4.68310 
   0.58849  -4.68602 
   0.61505  -4.69117 
   0.64162  -4.69224  # k point:   0.25000   0.50000   0.25000 
   0.66820  -4.70018 
   0.69477  -4.70795 
   0.72134  -4.71104 
   0.74791  -4.70537 
   0.77449  -4.70369 
   0.80106  -4.70228 
   0.82763  -4.70180  # k point:   0.00000   0.50000   0.00000 
   0.85393  -4.70212 
   0.88024  -4.70342 
   0.90654  -4.70888 
   0.93285  -4.71831 
   0.95915  -4.70733  # k point:   0.25000   0.50000   0.00000 
   0.98546  -4.69524 
   1.01176  -4.68906 
   1.03807  -4.68817 
   1.06437  -4.68264 
   1.09068  -4.68018  # k point:   0.50000   0.50000   0.00000 
   1.11726  -4.68830 
   1.14382  -4.68516 
   1.17040  -4.70010 
   1.19697  -4.71633 
   1.22355  -4.72164 
   1.25012  -4.72909 
   1.27668  -4.73782  # k point:   0.25000   0.25000   0.00000 
   1.30326  -4.73743 
   1.32983  -4.73177 
   1.35641  -4.72743 
   1.38298  -4.71490 
   1.40955  -4.71184 
   1.43612  -4.70022 
   1.46269  -4.66995  # k point:   0.00000   0.00000   0.00000 
   1.48899  -4.69690 
   1.51530  -4.70544 
   1.54161  -4.70737 
   1.56791  -4.71151 
   1.59422  -4.70280  # k point:   0.00000   0.25000   0.00000 
   1.62052  -4.69690 
   1.64683  -4.70110 
   1.67313  -4.69638 
   1.69944  -4.70093 
   1.72574  -4.70180  # k point:   0.00000   0.50000   0.00000 


#  32
   0.00000  -1.88176  # k point:   0.00000   0.00000   0.00000 
   0.02680  -1.86667 
   0.05360  -1.82816 
   0.08040  -1.76335 
   0.10720  -1.67384 
   0.13401  -1.56059 
   0.16081  -1.42487 
   0.18761  -1.26830 
   0.21440  -1.09274 
   0.24120  -0.90155 
   0.26800  -0.72071 
   0.29481  -0.66209 
   0.32161  -0.77115 
   0.34841  -0.83623 
   0.37521  -0.88904 
   0.40201  -0.93084 
   0.42881  -0.95704 
   0.45562  -0.96611  # k point:   0.50000   0.50000   0.50000 
   0.48219  -0.95797 
   0.50876  -0.93450 
   0.53534  -0.89668 
   0.56191  -0.84771 
   0.58849  -0.79123 
   0.61505  -0.65186 
   0.64162  -0.84039  # k point:   0.25000   0.50000   0.25000 
   0.66820  -1.05774 
   0.69477  -1.24869 
   0.72134  -1.41200 
   0.74791  -1.54667 
   0.77449  -1.65027 
   0.80106  -1.71728 
   0.82763  -1.74074  # k point:   0.00000   0.50000   0.00000 
   0.85393  -1.73762 
   0.88024  -1.72827 
   0.90654  -1.71276 
   0.93285  -1.69216 
   0.95915  -1.66863  # k point:   0.25000   0.50000   0.00000 
   0.98546  -1.64469 
   1.01176  -1.62260 
   1.03807  -1.60406 
   1.06437  -1.59125 
   1.09068  -1.58663  # k point:   0.50000   0.50000   0.00000 
   1.11726  -1.59138 
   1.14382  -1.60489 
   1.17040  -1.62530 
   1.19697  -1.65098 
   1.22355  -1.68020 
   1.25012  -1.71141 
   1.27668  -1.74358  # k point:   0.25000   0.25000   0.00000 
   1.30326  -1.77530 
   1.32983  -1.80471 
   1.35641  -1.83008 
   1.38298  -1.85035 
   1.40955  -1.86511 
   1.43612  -1.87362 
   1.46269  -1.88176  # k point:   0.00000   0.00000   0.00000 
   1.48899  -1.87401 
   1.51530  -1.86585 
   1.54161  -1.85203 
   1.56791  -1.83364 
   1.59422  -1.81262  # k point:   0.00000   0.25000   0.00000 
   1.62052  -1.79155 
   1.64683  -1.77226 
   1.67313  -1.75605 
   1.69944  -1.74486 
   1.72574  -1.74074  # k point:   0.00000   0.50000   0.00000 


#  33
   0.00000  -1.87803  # k point:   0.00000   0.00000   0.00000 
   0.02680  -1.86116 
   0.05360  -1.81147 
   0.08040  -1.74074 
   0.10720  -1.64896 
   0.13401  -1.53498 
   0.16081  -1.39953 
   0.18761  -1.24450 
   0.21440  -1.07250 
   0.24120  -0.89092 
   0.26800  -0.70291 
   0.29481  -0.60669 
   0.32161  -0.56784 
   0.34841  -0.63153 
   0.37521  -0.64841 
   0.40201  -0.65973 
   0.42881  -0.66505 
   0.45562  -0.66658  # k point:   0.50000   0.50000   0.50000 
   0.48219  -0.66510 
   0.50876  -0.65813 
   0.53534  -0.64467 
   0.56191  -0.62180 
   0.58849  -0.59097 
   0.61505  -0.60301 
   0.64162  -0.67281  # k point:   0.25000   0.50000   0.25000 
   0.66820  -0.83478 
   0.69477  -1.03935 
   0.72134  -1.22493 
   0.74791  -1.37888 
   0.77449  -1.49230 
   0.80106  -1.56115 
   0.82763  -1.58429  # k point:   0.00000   0.50000   0.00000 
   0.85393  -1.54270 
   0.88024  -1.42552 
   0.90654  -1.24540 
   0.93285  -1.01761 
   0.95915  -0.76029  # k point:   0.25000   0.50000   0.00000 
   0.98546  -0.69488 
   1.01176  -0.74400 
   1.03807  -0.77890 
   1.06437  -0.79977 
   1.09068  -0.80631  # k point:   0.50000   0.50000   0.00000 
   1.11726  -0.79984 
   1.14382  -0.77911 
   1.17040  -0.74540 
   1.19697  -0.63043 
   1.22355  -0.67799 
   1.25012  -0.87912 
   1.27668  -1.08520  # k point:   0.25000   0.25000   0.00000 
   1.30326  -1.27888 
   1.32983  -1.45068 
   1.35641  -1.59680 
   1.38298  -1.71454 
   1.40955  -1.80304 
   1.43612  -1.86153 
   1.46269  -1.87803  # k point:   0.00000   0.00000   0.00000 
   1.48899  -1.84075 
   1.51530  -1.79509 
   1.54161  -1.77140 
   1.56791  -1.74165 
   1.59422  -1.70738  # k point:   0.00000   0.25000   0.00000 
   1.62052  -1.67139 
   1.64683  -1.63771 
   1.67313  -1.60947 
   1.69944  -1.59087 
   1.72574  -1.58429  # k point:   0.00000   0.50000   0.00000 


#  34
   0.00000  -1.80886  # k point:   0.00000   0.00000   0.00000 
   0.02680  -1.78637 
   0.05360  -1.71561 
   0.08040  -1.59678 
   0.10720  -1.44162 
   0.13401  -1.26378 
   0.16081  -1.07706 
   0.18761  -0.89942 
   0.21440  -0.75615 
   0.24120  -0.67450 
   0.26800  -0.64819 
   0.29481  -0.50845 
   0.32161  -0.41626 
   0.34841  -0.56233 
   0.37521  -0.61603 
   0.40201  -0.64426 
   0.42881  -0.66033 
   0.45562  -0.66573  # k point:   0.50000   0.50000   0.50000 
   0.48219  -0.65860 
   0.50876  -0.63693 
   0.53534  -0.60202 
   0.56191  -0.54955 
   0.58849  -0.47856 
   0.61505  -0.57322 
   0.64162  -0.63120  # k point:   0.25000   0.50000   0.25000 
   0.66820  -0.62223 
   0.69477  -0.57696 
   0.72134  -0.53466 
   0.74791  -0.49319 
   0.77449  -0.45256 
   0.80106  -0.41800 
   0.82763  -0.40329  # k point:   0.00000   0.50000   0.00000 
   0.85393  -0.41546 
   0.88024  -0.45224 
   0.90654  -0.50893 
   0.93285  -0.57441 
   0.95915  -0.63940  # k point:   0.25000   0.50000   0.00000 
   0.98546  -0.50849 
   1.01176  -0.31341 
   1.03807  -0.30832 
   1.06437  -0.34017 
   1.09068  -0.34351  # k point:   0.50000   0.50000   0.00000 
   1.11726  -0.34272 
   1.14382  -0.34055 
   1.17040  -0.37568 
   1.19697  -0.57296 
   1.22355  -0.66644 
   1.25012  -0.68255 
   1.27668  -0.79272  # k point:   0.25000   0.25000   0.00000 
   1.30326  -0.97276 
   1.32983  -1.17682 
   1.35641  -1.37701 
   1.38298  -1.55492 
   1.40955  -1.69411 
   1.43612  -1.78044 
   1.46269  -1.80886  # k point:   0.00000   0.00000   0.00000 
   1.48899  -1.80077 
   1.51530  -1.70281 
   1.54161  -1.50873 
   1.56791  -1.26813 
   1.59422  -1.00559  # k point:   0.00000   0.25000   0.00000 
   1.62052  -0.75784 
   1.64683  -0.57562 
   1.67313  -0.47155 
   1.69944  -0.41979 
   1.72574  -0.40329  # k point:   0.00000   0.50000   0.00000 


#  35
   0.00000   0.13236  # k point:   0.00000   0.00000   0.00000 
   0.02680   0.13022 
   0.05360   0.12348 
   0.08040   0.11511 
   0.10720   0.07358 
   0.13401   0.02083 
   0.16081  -0.06011 
   0.18761  -0.14717 
   0.21440  -0.23405 
   0.24120  -0.31205 
   0.26800  -0.36563 
   0.29481  -0.36853 
   0.32161  -0.32501 
   0.34841  -0.02203 
   0.37521   0.16742 
   0.40201   0.30616 
   0.42881   0.39320 
   0.45562   0.42226  # k point:   0.50000   0.50000   0.50000 
   0.48219   0.39943 
   0.50876   0.30720 
   0.53534   0.12818 
   0.56191  -0.10914 
   0.58849  -0.36298 
   0.61505  -0.56732 
   0.64162  -0.53546  # k point:   0.25000   0.50000   0.25000 
   0.66820  -0.48533 
   0.69477  -0.42247 
   0.72134  -0.35014 
   0.74791  -0.27336 
   0.77449  -0.19743 
   0.80106  -0.13147 
   0.82763  -0.12150  # k point:   0.00000   0.50000   0.00000 
   0.85393  -0.14151 
   0.88024  -0.18838 
   0.90654  -0.22797 
   0.93285  -0.25705 
   0.95915  -0.28054  # k point:   0.25000   0.50000   0.00000 
   0.98546  -0.30001 
   1.01176  -0.31213 
   1.03807  -0.23740 
   1.06437  -0.17285 
   1.09068  -0.16481  # k point:   0.50000   0.50000   0.00000 
   1.11726  -0.16723 
   1.14382  -0.18987 
   1.17040  -0.21807 
   1.19697  -0.22045 
   1.22355  -0.22502 
   1.25012  -0.22190 
   1.27668  -0.18203  # k point:   0.25000   0.25000   0.00000 
   1.30326  -0.11226 
   1.32983  -0.03200 
   1.35641   0.04062 
   1.38298   0.09108 
   1.40955   0.11747 
   1.43612   0.12915 
   1.46269   0.13236  # k point:   0.00000   0.00000   0.00000 
   1.48899   0.13169 
   1.51530   0.12744 
   1.54161   0.11369 
   1.56791   0.07989 
   1.59422   0.03503  # k point:   0.00000   0.25000   0.00000 
   1.62052  -0.01147 
   1.64683  -0.05473 
   1.67313  -0.08983 
   1.69944  -0.11314 
   1.72574  -0.12150  # k point:   0.00000   0.50000   0.00000 


#  36
   0.00000   0.19276  # k point:   0.00000   0.00000   0.00000 
   0.02680   0.18834 
   0.05360   0.17120 
   0.08040   0.12994 
   0.10720   0.08825 
   0.13401   0.02487 
   0.16081  -0.03541 
   0.18761  -0.10510 
   0.21440  -0.17919 
   0.24120  -0.25341 
   0.26800  -0.32072 
   0.29481  -0.34513 
   0.32161  -0.12542 
   0.34841   0.08913 
   0.37521   0.26851 
   0.40201   0.41020 
   0.42881   0.50009 
   0.45562   0.53036  # k point:   0.50000   0.50000   0.50000 
   0.48219   0.49701 
   0.50876   0.42181 
   0.53534   0.33359 
   0.56191   0.21414 
   0.58849   0.04942 
   0.61505  -0.08145 
   0.64162  -0.06529  # k point:   0.25000   0.50000   0.25000 
   0.66820   0.00752 
   0.69477   0.10000 
   0.72134   0.14678 
   0.74791   0.05601 
   0.77449  -0.02492 
   0.80106  -0.08602 
   0.82763  -0.08938  # k point:   0.00000   0.50000   0.00000 
   0.85393  -0.09305 
   0.88024  -0.08467 
   0.90654  -0.07034 
   0.93285  -0.05279 
   0.95915  -0.03308  # k point:   0.25000   0.50000   0.00000 
   0.98546  -0.01351 
   1.01176   0.00345 
   1.03807   0.01588 
   1.06437   0.02401 
   1.09068   0.02674  # k point:   0.50000   0.50000   0.00000 
   1.11726   0.03037 
   1.14382   0.04137 
   1.17040   0.05600 
   1.19697   0.07197 
   1.22355   0.08917 
   1.25012   0.10643 
   1.27668   0.12339  # k point:   0.25000   0.25000   0.00000 
   1.30326   0.14075 
   1.32983   0.15717 
   1.35641   0.17169 
   1.38298   0.18475 
   1.40955   0.19561 
   1.43612   0.19554 
   1.46269   0.19276  # k point:   0.00000   0.00000   0.00000 
   1.48899   0.18973 
   1.51530   0.17813 
   1.54161   0.14862 
   1.56791   0.10921 
   1.59422   0.06628  # k point:   0.00000   0.25000   0.00000 
   1.62052   0.02116 
   1.64683  -0.02143 
   1.67313  -0.05652 
   1.69944  -0.08050 
   1.72574  -0.08938  # k point:   0.00000   0.50000   0.00000 


#  37
   0.00000   0.19640  # k point:   0.00000   0.00000   0.00000 
   0.02680   0.20238 
   0.05360   0.21995 
   0.08040   0.25530 
   0.10720   0.28162 
   0.13401   0.25399 
   0.16081   0.23180 
   0.18761   0.23544 
   0.21440   0.29271 
   0.24120   0.43260 
   0.26800   0.54694 
   0.29481   0.58527 
   0.32161   0.61462 
   0.34841   0.63922 
   0.37521   0.66044 
   0.40201   0.67996 
   0.42881   0.69695 
   0.45562   0.70405  # k point:   0.50000   0.50000   0.50000 
   0.48219   0.69814 
   0.50876   0.68005 
   0.53534   0.65057 
   0.56191   0.60935 
   0.58849   0.55628 
   0.61505   0.49190 
   0.64162   0.41667  # k point:   0.25000   0.50000   0.25000 
   0.66820   0.33151 
   0.69477   0.24000 
   0.72134   0.19542 
   0.74791   0.28234 
   0.77449   0.25216 
   0.80106   0.18365 
   0.82763   0.15229  # k point:   0.00000   0.50000   0.00000 
   0.85393   0.19476 
   0.88024   0.28867 
   0.90654   0.36599 
   0.93285   0.35047 
   0.95915   0.30012  # k point:   0.25000   0.50000   0.00000 
   0.98546   0.25230 
   1.01176   0.21669 
   1.03807   0.21006 
   1.06437   0.25431 
   1.09068   0.29906  # k point:   0.50000   0.50000   0.00000 
   1.11726   0.22030 
   1.14382   0.16368 
   1.17040   0.17206 
   1.19697   0.19893 
   1.22355   0.23443 
   1.25012   0.23708 
   1.27668   0.23223  # k point:   0.25000   0.25000   0.00000 
   1.30326   0.23057 
   1.32983   0.22974 
   1.35641   0.23130 
   1.38298   0.22555 
   1.40955   0.20728 
   1.43612   0.19798 
   1.46269   0.19640  # k point:   0.00000   0.00000   0.00000 
   1.48899   0.19305 
   1.51530   0.18572 
   1.54161   0.18577 
   1.56791   0.19327 
   1.59422   0.19789  # k point:   0.00000   0.25000   0.00000 
   1.62052   0.19676 
   1.64683   0.18395 
   1.67313   0.16642 
   1.69944   0.15533 
   1.72574   0.15229  # k point:   0.00000   0.50000   0.00000 


#  38
   0.00000   0.36363  # k point:   0.00000   0.00000   0.00000 
   0.02680   0.35810 
   0.05360   0.34166 
   0.08040   0.30785 
   0.10720   0.28422 
   0.13401   0.31888 
   0.16081   0.36240 
   0.18761   0.40931 
   0.21440   0.45735 
   0.24120   0.50405 
   0.26800   0.65277 
   0.29481   0.74454 
   0.32161   0.79118 
   0.34841   0.83106 
   0.37521   0.86046 
   0.40201   0.89051 
   0.42881   0.91609 
   0.45562   0.92684  # k point:   0.50000   0.50000   0.50000 
   0.48219   0.91445 
   0.50876   0.88153 
   0.53534   0.84009 
   0.56191   0.79450 
   0.58849   0.74632 
   0.61505   0.69708 
   0.64162   0.64793  # k point:   0.25000   0.50000   0.25000 
   0.66820   0.58847 
   0.69477   0.50004 
   0.72134   0.41679 
   0.74791   0.33362 
   0.77449   0.35007 
   0.80106   0.38658 
   0.82763   0.39617  # k point:   0.00000   0.50000   0.00000 
   0.85393   0.39245 
   0.88024   0.38114 
   0.90654   0.39876 
   0.93285   0.35158 
   0.95915   0.33691  # k point:   0.25000   0.50000   0.00000 
   0.98546   0.33231 
   1.01176   0.34205 
   1.03807   0.35776 
   1.06437   0.33371 
   1.09068   0.30092  # k point:   0.50000   0.50000   0.00000 
   1.11726   0.36780 
   1.14382   0.38072 
   1.17040   0.31891 
   1.19697   0.27409 
   1.22355   0.24911 
   1.25012   0.27611 
   1.27668   0.38710  # k point:   0.25000   0.25000   0.00000 
   1.30326   0.36537 
   1.32983   0.36947 
   1.35641   0.34040 
   1.38298   0.33259 
   1.40955   0.34577 
   1.43612   0.35911 
   1.46269   0.36363  # k point:   0.00000   0.00000   0.00000 
   1.48899   0.35903 
   1.51530   0.34689 
   1.54161   0.33327 
   1.56791   0.32646 
   1.59422   0.33035  # k point:   0.00000   0.25000   0.00000 
   1.62052   0.34553 
   1.64683   0.36729 
   1.67313   0.38466 
   1.69944   0.39334 
   1.72574   0.39617  # k point:   0.00000   0.50000   0.00000 


#  39
   0.00000   0.50901  # k point:   0.00000   0.00000   0.00000 
   0.02680   0.50507 
   0.05360   0.49679 
   0.08040   0.49279 
   0.10720   0.49306 
   0.13401   0.50492 
   0.16081   0.52862 
   0.18761   0.56172 
   0.21440   0.60160 
   0.24120   0.64589 
   0.26800   0.69311 
   0.29481   0.76130 
   0.32161   0.84798 
   0.34841   0.83394 
   0.37521   0.87283 
   0.40201   0.90396 
   0.42881   0.92468 
   0.45562   0.93212  # k point:   0.50000   0.50000   0.50000 
   0.48219   0.92358 
   0.50876   0.90271 
   0.53534   0.87069 
   0.56191   0.82806 
   0.58849   0.77612 
   0.61505   0.71647 
   0.64162   0.64982  # k point:   0.25000   0.50000   0.25000 
   0.66820   0.58888 
   0.69477   0.55623 
   0.72134   0.52143 
   0.74791   0.49255 
   0.77449   0.47269 
   0.80106   0.46534 
   0.82763   0.46566  # k point:   0.00000   0.50000   0.00000 
   0.85393   0.45824 
   0.88024   0.43567 
   0.90654   0.39988 
   0.93285   0.51474 
   0.95915   0.62628  # k point:   0.25000   0.50000   0.00000 
   0.98546   0.72734 
   1.01176   0.81232 
   1.03807   0.87765 
   1.06437   0.91918 
   1.09068   0.93356  # k point:   0.50000   0.50000   0.00000 
   1.11726   0.91973 
   1.14382   0.88442 
   1.17040   0.84217 
   1.19697   0.80486 
   1.22355   0.73393 
   1.25012   0.60995 
   1.27668   0.41399  # k point:   0.25000   0.25000   0.00000 
   1.30326   0.41287 
   1.32983   0.40547 
   1.35641   0.44191 
   1.38298   0.47167 
   1.40955   0.49355 
   1.43612   0.50503 
   1.46269   0.50901  # k point:   0.00000   0.00000   0.00000 
   1.48899   0.50552 
   1.51530   0.49635 
   1.54161   0.48646 
   1.56791   0.48318 
   1.59422   0.48384  # k point:   0.00000   0.25000   0.00000 
   1.62052   0.47766 
   1.64683   0.49994 
   1.67313   0.46840 
   1.69944   0.46638 
   1.72574   0.46566  # k point:   0.00000   0.50000   0.00000 


#  40
   0.00000   0.50993  # k point:   0.00000   0.00000   0.00000 
   0.02680   0.50670 
   0.05360   0.49907 
   0.08040   0.49359 
   0.10720   0.50297 
   0.13401   0.52567 
   0.16081   0.55862 
   0.18761   0.59766 
   0.21440   0.63972 
   0.24120   0.68232 
   0.26800   0.72356 
   0.29481   0.91474 
   0.32161   1.14179 
   0.34841   1.48558 
   0.37521   1.76751 
   0.40201   2.02082 
   0.42881   2.21186 
   0.45562   2.28596  # k point:   0.50000   0.50000   0.50000 
   0.48219   2.21251 
   0.50876   2.03389 
   0.53534   1.82089 
   0.56191   1.62059 
   0.58849   1.45499 
   0.61505   1.32967 
   0.64162   1.23964  # k point:   0.25000   0.50000   0.25000 
   0.66820   1.17733 
   0.69477   1.13370 
   0.72134   1.10265 
   0.74791   1.07995 
   0.77449   1.06441 
   0.80106   1.05667 
   0.82763   1.05452  # k point:   0.00000   0.50000   0.00000 
   0.85393   1.05791 
   0.88024   1.06794 
   0.90654   1.08703 
   0.93285   1.11980 
   0.95915   1.17430  # k point:   0.25000   0.50000   0.00000 
   0.98546   1.26342 
   1.01176   1.39441 
   1.03807   1.55693 
   1.06437   1.70499 
   1.09068   1.76631  # k point:   0.50000   0.50000   0.00000 
   1.11726   1.70587 
   1.14382   1.54209 
   1.17040   1.30658 
   1.19697   1.03345 
   1.22355   0.80418 
   1.25012   0.67544 
   1.27668   0.62135  # k point:   0.25000   0.25000   0.00000 
   1.30326   0.57363 
   1.32983   0.53611 
   1.35641   0.51049 
   1.38298   0.49805 
   1.40955   0.49730 
   1.43612   0.50562 
   1.46269   0.50993  # k point:   0.00000   0.00000   0.00000 
   1.48899   0.50822 
   1.51530   0.50356 
   1.54161   0.49728 
   1.56791   0.49056 
   1.59422   0.49867  # k point:   0.00000   0.25000   0.00000 
   1.62052   0.55375 
   1.64683   0.64345 
   1.67313   0.85419 
   1.69944   1.00009 
   1.72574   1.05452  # k point:   0.00000   0.50000   0.00000 


#  41
   0.00000   5.79545  # k point:   0.00000   0.00000   0.00000 
   0.02680   5.82104 
   0.05360   5.89085 
   0.08040   6.00054 
   0.10720   6.13957 
   0.13401   6.29604 
   0.16081   6.45260 
   0.18761   6.58064 
   0.21440   6.61297 
   0.24120   6.36641 
   0.26800   6.01079 
   0.29481   5.66120 
   0.32161   5.32743 
   0.34841   5.02123 
   0.37521   4.75480 
   0.40201   4.54153 
   0.42881   4.39812 
   0.45562   4.34447  # k point:   0.50000   0.50000   0.50000 
   0.48219   4.36493 
   0.50876   4.40402 
   0.53534   4.46450 
   0.56191   4.54350 
   0.58849   4.63599 
   0.61505   4.73566 
   0.64162   4.83573  # k point:   0.25000   0.50000   0.25000 
   0.66820   4.93025 
   0.69477   5.01474 
   0.72134   5.08723 
   0.74791   5.14593 
   0.77449   5.18962 
   0.80106   5.21682 
   0.82763   5.22601  # k point:   0.00000   0.50000   0.00000 
   0.85393   5.21738 
   0.88024   5.19214 
   0.90654   5.15244 
   0.93285   5.10055 
   0.95915   5.03883  # k point:   0.25000   0.50000   0.00000 
   0.98546   4.97295 
   1.01176   4.91063 
   1.03807   4.86005 
   1.06437   4.82715 
   1.09068   4.81457  # k point:   0.50000   0.50000   0.00000 
   1.11726   4.87395 
   1.14382   5.03825 
   1.17040   5.28571 
   1.19697   5.59840 
   1.22355   5.95750 
   1.25012   6.34235 
   1.27668   6.57678  # k point:   0.25000   0.25000   0.00000 
   1.30326   6.44229 
   1.32983   6.28143 
   1.35641   6.12651 
   1.38298   5.99180 
   1.40955   5.88676 
   1.43612   5.82032 
   1.46269   5.79545  # k point:   0.00000   0.00000   0.00000 
   1.48899   5.81864 
   1.51530   5.88850 
   1.54161   5.99717 
   1.56791   6.14264 
   1.59422   6.31935  # k point:   0.00000   0.25000   0.00000 
   1.62052   6.41629 
   1.64683   5.95803 
   1.67313   5.57545 
   1.69944   5.31764 
   1.72574   5.22601  # k point:   0.00000   0.50000   0.00000 


#  42
   0.00000   7.31007  # k point:   0.00000   0.00000   0.00000 
   0.02680   7.32868 
   0.05360   7.38902 
   0.08040   7.48943 
   0.10720   7.54833 
   0.13401   7.49511 
   0.16081   7.31458 
   0.18761   7.04380 
   0.21440   6.72030 
   0.24120   6.36657 
   0.26800   6.01751 
   0.29481   5.67010 
   0.32161   5.33686 
   0.34841   5.02984 
   0.37521   4.76209 
   0.40201   4.54748 
   0.42881   4.40612 
   0.45562   4.35603  # k point:   0.50000   0.50000   0.50000 
   0.48219   4.42301 
   0.50876   4.60970 
   0.53534   4.88304 
   0.56191   5.21794 
   0.58849   5.59360 
   0.61505   5.98958 
   0.64162   6.38947  # k point:   0.25000   0.50000   0.25000 
   0.66820   6.80162 
   0.69477   7.06809 
   0.72134   7.14768 
   0.74791   7.19690 
   0.77449   7.22797 
   0.80106   7.24534 
   0.82763   7.25091  # k point:   0.00000   0.50000   0.00000 
   0.85393   7.24836 
   0.88024   7.24043 
   0.90654   7.22820 
   0.93285   7.17690 
   0.95915   6.65879  # k point:   0.25000   0.50000   0.00000 
   0.98546   6.16230 
   1.01176   5.68613 
   1.03807   5.27496 
   1.06437   4.98493 
   1.09068   4.87728  # k point:   0.50000   0.50000   0.00000 
   1.11726   4.94270 
   1.14382   5.12564 
   1.17040   5.39438 
   1.19697   5.71705 
   1.22355   6.06845 
   1.25012   6.42020 
   1.27668   6.74187  # k point:   0.25000   0.25000   0.00000 
   1.30326   7.13050 
   1.32983   7.47736 
   1.35641   7.62534 
   1.38298   7.49631 
   1.40955   7.39916 
   1.43612   7.33007 
   1.46269   7.31007  # k point:   0.00000   0.00000   0.00000 
   1.48899   7.32580 
   1.51530   7.37870 
   1.54161   7.52559 
   1.56791   7.42085 
   1.59422   6.92219  # k point:   0.00000   0.25000   0.00000 
   1.62052   6.52983 
   1.64683   6.74336 
   1.67313   6.96677 
   1.69944   7.16217 
   1.72574   7.25091  # k point:   0.00000   0.50000   0.00000 


#  43
   0.00000   7.36158  # k point:   0.00000   0.00000   0.00000 
   0.02680   7.37876 
   0.05360   7.42972 
   0.08040   7.49846 
   0.10720   7.76996 
   0.13401   7.66851 
   0.16081   7.39823 
   0.18761   7.06743 
   0.21440   6.72555 
   0.24120   6.43030 
   0.26800   6.13974 
   0.29481   5.82827 
   0.32161   5.51210 
   0.34841   5.20196 
   0.37521   4.90958 
   0.40201   4.65157 
   0.42881   4.45911 
   0.45562   4.38588  # k point:   0.50000   0.50000   0.50000 
   0.48219   4.47159 
   0.50876   4.70129 
   0.53534   5.00639 
   0.56191   5.35226 
   0.58849   5.71813 
   0.61505   6.08892 
   0.64162   6.45560  # k point:   0.25000   0.50000   0.25000 
   0.66820   6.83151 
   0.69477   7.13553 
   0.72134   7.39625 
   0.74791   7.57659 
   0.77449   7.50900 
   0.80106   7.44105 
   0.82763   7.41637  # k point:   0.00000   0.50000   0.00000 
   0.85393   7.44143 
   0.88024   7.52441 
   0.90654   7.54525 
   0.93285   7.19866 
   0.95915   7.23016  # k point:   0.25000   0.50000   0.00000 
   0.98546   7.22379 
   1.01176   7.21941 
   1.03807   7.21569 
   1.06437   7.21225 
   1.09068   7.21068  # k point:   0.50000   0.50000   0.00000 
   1.11726   7.20021 
   1.14382   7.16846 
   1.17040   7.11260 
   1.19697   7.03324 
   1.22355   6.93161 
   1.25012   6.81987 
   1.27668   6.87691  # k point:   0.25000   0.25000   0.00000 
   1.30326   7.20569 
   1.32983   7.55755 
   1.35641   7.66208 
   1.38298   7.53659 
   1.40955   7.42211 
   1.43612   7.37620 
   1.46269   7.36158  # k point:   0.00000   0.00000   0.00000 
   1.48899   7.38284 
   1.51530   7.44570 
   1.54161   7.54774 
   1.56791   7.59037 
   1.59422   7.68947  # k point:   0.00000   0.25000   0.00000 
   1.62052   7.72266 
   1.64683   7.69878 
   1.67313   7.60790 
   1.69944   7.48417 
   1.72574   7.41637  # k point:   0.00000   0.50000   0.00000 


#  44
   0.00000   7.79028  # k point:   0.00000   0.00000   0.00000 
   0.02680   7.82227 
   0.05360   7.90131 
   0.08040   7.91323 
   0.10720   7.78879 
   0.13401   7.70251 
   0.16081   7.41989 
   0.18761   7.15933 
   0.21440   6.94921 
   0.24120   6.89906 
   0.26800   6.87564 
   0.29481   6.82646 
   0.32161   6.75492 
   0.34841   6.67495 
   0.37521   6.60000 
   0.40201   6.53947 
   0.42881   6.50422 
   0.45562   6.49289  # k point:   0.50000   0.50000   0.50000 
   0.48219   6.50051 
   0.50876   6.53082 
   0.53534   6.58447 
   0.56191   6.65521 
   0.58849   6.74077 
   0.61505   6.83636 
   0.64162   6.93506  # k point:   0.25000   0.50000   0.25000 
   0.66820   6.98384 
   0.69477   7.18536 
   0.72134   7.52630 
   0.74791   7.80469 
   0.77449   7.93967 
   0.80106   8.07066 
   0.82763   8.14708  # k point:   0.00000   0.50000   0.00000 
   0.85393   8.06689 
   0.88024   7.97740 
   0.90654   7.76533 
   0.93285   7.85196 
   0.95915   7.84256  # k point:   0.25000   0.50000   0.00000 
   0.98546   7.82376 
   1.01176   7.80927 
   1.03807   7.80068 
   1.06437   7.79666 
   1.09068   7.79524  # k point:   0.50000   0.50000   0.00000 
   1.11726   7.79764 
   1.14382   7.80366 
   1.17040   7.81376 
   1.19697   7.82615 
   1.22355   7.83680 
   1.25012   7.84121 
   1.27668   7.83857  # k point:   0.25000   0.25000   0.00000 
   1.30326   7.80901 
   1.32983   7.71173 
   1.35641   7.67213 
   1.38298   7.80417 
   1.40955   7.86153 
   1.43612   7.82401 
   1.46269   7.79028  # k point:   0.00000   0.00000   0.00000 
   1.48899   7.81022 
   1.51530   8.00330 
   1.54161   7.84984 
   1.56791   7.64821 
   1.59422   7.77639  # k point:   0.00000   0.25000   0.00000 
   1.62052   7.92278 
   1.64683   8.03010 
   1.67313   8.09940 
   1.69944   8.13615 
   1.72574   8.14708  # k point:   0.00000   0.50000   0.00000 


#  45
   0.00000   8.02524  # k point:   0.00000   0.00000   0.00000 
   0.02680   8.05626 
   0.05360   8.02943 
   0.08040   8.05626 
   0.10720   7.85117 
   0.13401   7.82527 
   0.16081   8.00097 
   0.18761   8.01666 
   0.21440   8.04292 
   0.24120   8.11291 
   0.26800   8.22106 
   0.29481   8.35755 
   0.32161   8.51681 
   0.34841   8.59864 
   0.37521   8.70302 
   0.40201   8.72099 
   0.42881   8.53833 
   0.45562   8.48423  # k point:   0.50000   0.50000   0.50000 
   0.48219   8.52838 
   0.50876   8.65925 
   0.53534   8.74349 
   0.56191   8.68424 
   0.58849   8.56289 
   0.61505   8.43951 
   0.64162   8.33062  # k point:   0.25000   0.50000   0.25000 
   0.66820   8.21755 
   0.69477   8.05550 
   0.72134   7.89754 
   0.74791   7.84041 
   0.77449   8.06511 
   0.80106   8.20642 
   0.82763   8.22696  # k point:   0.00000   0.50000   0.00000 
   0.85393   8.25311 
   0.88024   8.00381 
   0.90654   7.89519 
   0.93285   7.86071 
   0.95915   8.02656  # k point:   0.25000   0.50000   0.00000 
   0.98546   8.27006 
   1.01176   8.48342 
   1.03807   8.54635 
   1.06437   8.55127 
   1.09068   8.54492  # k point:   0.50000   0.50000   0.00000 
   1.11726   8.53985 
   1.14382   8.51052 
   1.17040   8.42963 
   1.19697   8.27058 
   1.22355   8.09103 
   1.25012   7.95779 
   1.27668   7.86499  # k point:   0.25000   0.25000   0.00000 
   1.30326   7.81289 
   1.32983   7.78873 
   1.35641   7.89444 
   1.38298   8.01790 
   1.40955   8.06212 
   1.43612   8.05517 
   1.46269   8.02524  # k point:   0.00000   0.00000   0.00000 
   1.48899   8.03776 
   1.51530   8.07766 
   1.54161   8.03552 
   1.56791   8.05089 
   1.59422   8.06785  # k point:   0.00000   0.25000   0.00000 
   1.62052   8.09020 
   1.64683   8.12953 
   1.67313   8.17117 
   1.69944   8.21406 
   1.72574   8.22696  # k point:   0.00000   0.50000   0.00000 


#  46
   0.00000   8.03693  # k point:   0.00000   0.00000   0.00000 
   0.02680   8.05662 
   0.05360   8.13700 
   0.08040   8.09687 
   0.10720   8.05627 
   0.13401   7.98007 
   0.16081   8.02300 
   0.18761   8.18559 
   0.21440   8.34536 
   0.24120   8.38453 
   0.26800   8.42202 
   0.29481   8.47383 
   0.32161   8.53630 
   0.34841   8.68042 
   0.37521   8.79802 
   0.40201   9.00301 
   0.42881   9.35230 
   0.45562   9.37521  # k point:   0.50000   0.50000   0.50000 
   0.48219   9.38974 
   0.50876   9.14381 
   0.53534   8.88634 
   0.56191   8.75677 
   0.58849   8.65581 
   0.61505   8.53320 
   0.64162   8.40487  # k point:   0.25000   0.50000   0.25000 
   0.66820   8.33075 
   0.69477   8.36442 
   0.72134   8.45459 
   0.74791   8.52655 
   0.77449   8.40426 
   0.80106   8.29809 
   0.82763   8.26069  # k point:   0.00000   0.50000   0.00000 
   0.85393   8.26680 
   0.88024   8.45060 
   0.90654   8.54771 
   0.93285   8.53683 
   0.95915   8.53754  # k point:   0.25000   0.50000   0.00000 
   0.98546   8.51920 
   1.01176   8.55998 
   1.03807   8.64663 
   1.06437   8.64608 
   1.09068   8.64258  # k point:   0.50000   0.50000   0.00000 
   1.11726   8.63993 
   1.14382   8.63635 
   1.17040   8.61485 
   1.19697   8.57995 
   1.22355   8.54677 
   1.25012   8.45015 
   1.27668   8.25154  # k point:   0.25000   0.25000   0.00000 
   1.30326   8.00498 
   1.32983   7.83767 
   1.35641   7.92596 
   1.38298   8.12032 
   1.40955   8.09510 
   1.43612   8.06071 
   1.46269   8.03693  # k point:   0.00000   0.00000   0.00000 
   1.48899   8.05558 
   1.51530   8.12386 
   1.54161   8.04351 
   1.56791   8.06995 
   1.59422   8.09661  # k point:   0.00000   0.25000   0.00000 
   1.62052   8.15135 
   1.64683   8.21982 
   1.67313   8.25949 
   1.69944   8.25768 
   1.72574   8.26069  # k point:   0.00000   0.50000   0.00000 


#  47
   0.00000   8.73998  # k point:   0.00000   0.00000   0.00000 
   0.02680   8.69140 
   0.05360   8.52247 
   0.08040   8.41720 
   0.10720   8.21775 
   0.13401   8.13491 
   0.16081   8.14301 
   0.18761   8.24611 
   0.21440   8.36717 
   0.24120   8.63387 
   0.26800   8.92671 
   0.29481   9.15598 
   0.32161   9.17308 
   0.34841   9.34365 
   0.37521   9.42815 
   0.40201   9.46491 
   0.42881   9.42525 
   0.45562   9.47512  # k point:   0.50000   0.50000   0.50000 
   0.48219   9.39644 
   0.50876   9.44321 
   0.53534   9.41818 
   0.56191   9.35799 
   0.58849   9.31764 
   0.61505   9.27951 
   0.64162   9.20884  # k point:   0.25000   0.50000   0.25000 
   0.66820   9.07129 
   0.69477   8.88527 
   0.72134   8.68184 
   0.74791   8.53399 
   0.77449   8.58906 
   0.80106   8.62198 
   0.82763   8.62613  # k point:   0.00000   0.50000   0.00000 
   0.85393   8.60148 
   0.88024   8.53101 
   0.90654   8.58158 
   0.93285   8.73907 
   0.95915   8.79252  # k point:   0.25000   0.50000   0.00000 
   0.98546   8.76191 
   1.01176   8.68073 
   1.03807   8.65577 
   1.06437   8.73306 
   1.09068   8.76728  # k point:   0.50000   0.50000   0.00000 
   1.11726   8.74057 
   1.14382   8.67641 
   1.17040   8.63416 
   1.19697   8.64173 
   1.22355   8.59396 
   1.25012   8.45101 
   1.27668   8.29843  # k point:   0.25000   0.25000   0.00000 
   1.30326   8.21460 
   1.32983   8.16890 
   1.35641   8.13988 
   1.38298   8.24593 
   1.40955   8.51580 
   1.43612   8.68394 
   1.46269   8.73998  # k point:   0.00000   0.00000   0.00000 
   1.48899   8.63140 
   1.51530   8.14795 
   1.54161   8.04844 
   1.56791   8.14830 
   1.59422   8.49561  # k point:   0.00000   0.25000   0.00000 
   1.62052   8.62875 
   1.64683   8.66728 
   1.67313   8.62096 
   1.69944   8.62091 
   1.72574   8.62613  # k point:   0.00000   0.50000   0.00000 


#  48
   0.00000   8.74138  # k point:   0.00000   0.00000   0.00000 
   0.02680   8.70045 
   0.05360   8.59422 
   0.08040   8.41845 
   0.10720   8.46542 
   0.13401   8.57529 
   0.16081   8.67239 
   0.18761   8.76863 
   0.21440   8.89234 
   0.24120   8.98049 
   0.26800   9.05829 
   0.29481   9.18833 
   0.32161   9.29704 
   0.34841   9.37730 
   0.37521   9.54851 
   0.40201   9.52159 
   0.42881   9.48741 
   0.45562   9.49249  # k point:   0.50000   0.50000   0.50000 
   0.48219   9.48317 
   0.50876   9.45957 
   0.53534   9.47577 
   0.56191   9.43345 
   0.58849   9.35217 
   0.61505   9.28420 
   0.64162   9.24131  # k point:   0.25000   0.50000   0.25000 
   0.66820   9.20338 
   0.69477   9.04807 
   0.72134   8.91078 
   0.74791   8.87660 
   0.77449   8.93668 
   0.80106   9.07063 
   0.82763   9.15654  # k point:   0.00000   0.50000   0.00000 
   0.85393   9.13800 
   0.88024   9.08387 
   0.90654   9.00768 
   0.93285   8.95713 
   0.95915   9.01777  # k point:   0.25000   0.50000   0.00000 
   0.98546   8.98920 
   1.01176   8.99318 
   1.03807   9.08051 
   1.06437   9.23711 
   1.09068   9.36082  # k point:   0.50000   0.50000   0.00000 
   1.11726   9.31713 
   1.14382   9.19333 
   1.17040   9.01161 
   1.19697   8.80259 
   1.22355   8.63494 
   1.25012   8.58138 
   1.27668   8.61559  # k point:   0.25000   0.25000   0.00000 
   1.30326   8.63603 
   1.32983   8.61734 
   1.35641   8.57996 
   1.38298   8.57312 
   1.40955   8.63749 
   1.43612   8.72731 
   1.46269   8.74138  # k point:   0.00000   0.00000   0.00000 
   1.48899   8.73688 
   1.51530   8.72808 
   1.54161   8.71832 
   1.56791   8.73301 
   1.59422   8.66587  # k point:   0.00000   0.25000   0.00000 
   1.62052   8.74993 
   1.64683   8.83774 
   1.67313   8.97385 
   1.69944   9.10151 
   1.72574   9.15654  # k point:   0.00000   0.50000   0.00000 


#  49
   0.00000   8.82541  # k point:   0.00000   0.00000   0.00000 
   0.02680   8.77526 
   0.05360   8.71296 
   0.08040   8.66206 
   0.10720   8.61333 
   0.13401   8.60565 
   0.16081   8.69394 
   0.18761   8.86291 
   0.21440   9.06023 
   0.24120   9.24721 
   0.26800   9.33668 
   0.29481   9.32162 
   0.32161   9.49709 
   0.34841   9.55911 
   0.37521   9.58731 
   0.40201   9.70098 
   0.42881   9.75294 
   0.45562   9.75917  # k point:   0.50000   0.50000   0.50000 
   0.48219   9.76256 
   0.50876   9.75385 
   0.53534   9.70438 
   0.56191   9.63508 
   0.58849   9.60636 
   0.61505   9.56205 
   0.64162   9.49886  # k point:   0.25000   0.50000   0.25000 
   0.66820   9.43616 
   0.69477   9.50659 
   0.72134   9.60176 
   0.74791   9.65087 
   0.77449   9.63621 
   0.80106   9.55148 
   0.82763   9.47350  # k point:   0.00000   0.50000   0.00000 
   0.85393   9.49584 
   0.88024   9.46606 
   0.90654   9.34658 
   0.93285   9.17297 
   0.95915   9.02831  # k point:   0.25000   0.50000   0.00000 
   0.98546   9.09625 
   1.01176   9.22437 
   1.03807   9.33773 
   1.06437   9.41464 
   1.09068   9.44683  # k point:   0.50000   0.50000   0.00000 
   1.11726   9.42957 
   1.14382   9.37564 
   1.17040   9.27725 
   1.19697   9.15274 
   1.22355   9.04920 
   1.25012   8.99641 
   1.27668   8.96721  # k point:   0.25000   0.25000   0.00000 
   1.30326   8.90905 
   1.32983   8.83714 
   1.35641   8.77407 
   1.38298   8.73074 
   1.40955   8.71505 
   1.43612   8.75670 
   1.46269   8.82541  # k point:   0.00000   0.00000   0.00000 
   1.48899   8.81579 
   1.51530   8.86704 
   1.54161   9.04159 
   1.56791   9.07543 
   1.59422   8.88183  # k point:   0.00000   0.25000   0.00000 
   1.62052   8.77062 
   1.64683   8.83827 
   1.67313   9.07021 
   1.69944   9.32052 
   1.72574   9.47350  # k point:   0.00000   0.50000   0.00000 


#  50
   0.00000  10.23784  # k point:   0.00000   0.00000   0.00000 
   0.02680  10.21540 
   0.05360  10.14723 
   0.08040  10.03560 
   0.10720   9.74618 
   0.13401   9.48544 
   0.16081   9.43129 
   0.18761   9.43481 
   0.21440   9.47277 
   0.24120   9.52047 
   0.26800   9.56210 
   0.29481   9.66205 
   0.32161   9.78806 
   0.34841   9.86361 
   0.37521   9.90295 
   0.40201   9.97743 
   0.42881  10.08847 
   0.45562  10.13121  # k point:   0.50000   0.50000   0.50000 
   0.48219  10.07704 
   0.50876   9.96996 
   0.53534   9.88410 
   0.56191   9.79747 
   0.58849   9.73625 
   0.61505   9.71603 
   0.64162   9.75160  # k point:   0.25000   0.50000   0.25000 
   0.66820   9.70593 
   0.69477   9.71123 
   0.72134   9.76812 
   0.74791   9.86086 
   0.77449   9.98845 
   0.80106  10.12324 
   0.82763  10.17515  # k point:   0.00000   0.50000   0.00000 
   0.85393  10.10640 
   0.88024  10.02322 
   0.90654  10.01647 
   0.93285  10.03993 
   0.95915  10.05327  # k point:   0.25000   0.50000   0.00000 
   0.98546  10.02694 
   1.01176   9.97998 
   1.03807   9.90177 
   1.06437   9.73172 
   1.09068   9.58920  # k point:   0.50000   0.50000   0.00000 
   1.11726   9.56608 
   1.14382   9.53743 
   1.17040   9.59739 
   1.19697   9.63706 
   1.22355   9.49942 
   1.25012   9.43391 
   1.27668   9.43592  # k point:   0.25000   0.25000   0.00000 
   1.30326   9.52407 
   1.32983   9.67254 
   1.35641  10.00427 
   1.38298  10.22342 
   1.40955  10.20783 
   1.43612  10.22350 
   1.46269  10.23784  # k point:   0.00000   0.00000   0.00000 
   1.48899  10.21048 
   1.51530  10.10432 
   1.54161   9.87439 
   1.56791   9.81841 
   1.59422   9.96360  # k point:   0.00000   0.25000   0.00000 
   1.62052  10.20731 
   1.64683  10.50339 
   1.67313  10.61950 
   1.69944  10.35951 
   1.72574  10.17515  # k point:   0.00000   0.50000   0.00000 


